63,864,676,612,543,984,461,701,315,374,569,92,331,305,572,646,676,950,773,13,6,340,369,631,513
697,352,333,72,911,277,770,491,306,726,906,803,373,811,324,193,466,274,170,240,703,532,652,831,7
67,148,985,769,892,829,165,698,238,624,719,479,123,591,338,26,963,597,467,389,2,105,298,713,388
934,380,43,507,262,419,275,939,830,786,547,10,699,614,924,245,412,128,491,321,224,473,655,826,558
491,65,578,220,56,738,709,206,347,587,770,912,777,60,748,27,6,801,436,729,999,297,691,157,230
200,412,612,300,318,925,99,540,75,828,255,756,67,843,435,443,201,594,489,957,549,188,139,20,838
474,621,732,866,20,612,557,583,892,17,758,578,139,259,781,591,700,123,872,747,388,329,616,192,119
326,931,490,510,450,841,227,307,731,444,157,239,342,26,148,312,524,146,48,469,533,560,663,624,793
566,83,306,862,364,369,868,326,11,589,247,937,540,324,399,800,318,521,613,952,821,229,394,175,422
924,128,181,677,653,738,500,383,117,844,360,739,971,891,283,219,212,496,374,192,725,904,654,39,389
620,123,766,549,927,343,661,60,435,555,103,506,689,763,98,831,148,518,455,146,747,304,140,630,440
710,527,147,662,769,442,630,734,797,462,809,739,3,930,353,91,709,572,588,460,551,19,441,119,858
967,111,131,323,572,981,404,888,930,302,18,379,264,140,796,880,807,243,641,863,409,460,708,119,137
711,404,758,488,72,774,570,305,554,59,866,627,165,10,666,605,928,195,81,943,428,915,254,222,914
168,440,914,219,403,348,312,782,352,574,644,379,187,974,826,539,964,696,823,966,62,12,525,996,778
808,516,36,322,712,75,650,844,543,748,351,493,603,246,992,833,588,683,623,955,420,465,812,118,393
355,647,262,766,48,473,414,414,158,659,179,765,515,21,305,697,289,274,230,467,462,703,385,821,28
479,119,999,779,283,911,38,828,13,691,982,273,119,626,193,617,20,145,806,238,138,75,322,515,224
565,722,318,178,985,812,944,115,914,566,805,799,278,109,629,195,842,545,783,126,582,910,150,830,577
548,85,643,436,483,762,820,555,382,687,654,526,278,100,155,141,891,446,328,96,759,412,954,239,607
332,211,532,877,359,263,492,175,91,257,430,658,10,502,948,58,815,362,827,938,557,341,363,832,341
49,804,425,21,929,533,967,801,199,727,632,54,502,617,454,359,971,601,197,76,871,132,559,220,232
488,212,35,504,156,120,284,570,149,426,761,887,844,50,950,649,847,747,455,367,365,392,34,1000,175
824,804,353,411,982,922,693,78,981,547,903,716,175,737,561,358,858,503,195,599,945,978,258,475,732
254,164,956,886,227,379,171,150,539,40,73,626,875,94,249,298,776,19,688,553,861,777,449,942,387
