676,92,553,726,608,206,568,917,814,938,753,783,125,497,230,956,212,880,423,765,86,899,598,415,731
988,753,253,117,4,840,135,3,17,503,432,418,861,547,953,305,996,887,346,807,313,942,612,632,527
557,968,229,657,667,477,625,47,805,454,885,341,927,200,208,683,454,361,946,690,503,98,983,599,180
856,355,49,494,672,509,515,687,81,782,574,3,937,731,566,265,867,478,432,773,797,388,89,635,972
771,717,157,217,67,61,845,266,699,941,254,520,532,176,717,324,464,887,370,73,162,179,767,447,65
120,625,372,673,15,841,149,174,654,898,426,691,573,253,726,426,672,622,761,719,408,244,447,23,700
898,377,976,771,390,816,368,319,68,95,447,215,169,764,625,666,132,685,354,648,8,50,632,891,869
539,62,863,320,963,769,935,201,401,738,406,901,33,706,746,270,500,713,571,155,337,252,567,29,87
287,389,397,531,487,897,860,168,433,971,2,223,582,180,916,708,430,763,18,535,762,376,265,350,995
639,524,326,165,247,451,526,283,187,310,778,477,806,149,651,442,452,423,13,730,752,951,538,576,202
885,234,461,547,981,375,235,319,578,934,252,133,540,440,623,217,34,909,611,97,671,677,77,395,147
934,244,625,720,104,389,864,9,569,525,672,574,928,448,618,866,568,557,398,198,944,512,469,864,96
98,567,827,37,793,753,27,41,266,117,644,616,112,690,419,462,291,496,187,77,987,380,139,152,993
525,55,744,309,421,527,961,402,236,605,420,560,932,715,865,595,206,797,165,449,921,163,407,622,679
932,689,96,182,963,192,235,494,255,44,570,323,318,953,921,688,115,474,8,87,990,593,563,971,968
944,188,686,689,208,523,163,400,910,133,534,180,887,840,736,252,803,85,743,20,875,661,4,842,401
645,581,419,565,480,72,876,175,56,353,959,834,490,669,156,802,288,92,255,501,913,660,769,46,718
541,517,680,954,989,880,968,42,289,873,301,956,13,645,126,370,229,441,521,108,233,256,606,195,766
374,314,947,111,194,127,455,502,236,203,642,88,620,671,84,493,899,822,240,964,220,637,459,622,123
378,23,848,141,709,358,28,931,105,718,71,174,264,874,780,596,716,784,629,999,283,462,209,732,558
247,949,806,931,492,898,537,936,547,324,231,500,205,449,751,414,536,582,115,619,385,543,235,121,192
637,343,194,626,344,802,217,413,996,149,196,344,422,410,186,1,61,40,7,47,926,388,477,636,296
990,119,144,898,364,699,699,219,156,386,47,189,601,791,252,645,861,333,85,175,790,426,611,603,571
996,660,827,367,901,274,824,193,164,781,396,69,549,601,285,216,347,264,623,44,946,56,897,319,427
497,666,524,335,260,298,34,710,234,794,457,82,26,548,715,972,431,818,955,1,959,741,648,527,454
