828,568,806,335,731,254,755,871,90,174,854,435,177,607,633,592,295,467,734,845,496,512,467,568,487
694,914,506,58,622,306,628,156,351,591,256,119,523,82,59,961,999,238,887,620,550,429,449,254,836
167,114,317,214,114,119,747,625,827,694,519,741,54,982,87,490,168,257,423,368,999,806,244,86,600
874,302,672,269,621,335,342,817,507,25,325,664,210,794,867,251,596,468,884,109,287,12,561,988,794
740,504,379,609,178,945,326,343,452,776,293,224,853,793,875,281,209,611,624,409,72,67,799,76,954
347,406,963,76,311,851,134,52,598,903,167,654,279,700,906,374,529,129,399,3,187,318,511,735,76
202,360,241,313,432,48,435,997,945,737,462,617,14,784,801,648,938,397,497,197,17,397,541,420,154
609,453,56,150,685,416,273,462,869,53,948,274,672,235,971,373,425,882,639,941,210,954,115,928,302
679,228,791,761,120,286,306,311,914,462,754,416,851,53,423,967,471,973,542,16,213,376,96,357,79
843,985,990,234,268,875,163,235,468,607,980,771,170,38,718,439,841,77,135,249,545,482,65,292,389
416,845,953,600,545,315,26,99,91,962,980,114,223,367,106,642,439,560,864,41,723,907,915,689,415
707,196,786,413,423,615,884,504,153,795,272,360,467,861,934,231,112,630,657,503,460,304,409,782,219
111,239,314,231,596,803,489,6,310,606,275,714,808,11,710,459,792,637,224,5,982,292,62,911,18
157,169,362,379,931,418,601,711,678,42,116,807,819,195,128,363,584,526,1,857,402,13,204,573,16
395,907,180,92,573,198,275,406,640,321,918,72,200,144,3,364,734,553,806,657,346,766,600,306,635
373,518,272,12,494,967,732,461,222,69,86,557,948,201,415,388,855,13,430,916,784,733,412,802,460
92,249,216,389,855,432,38,485,754,636,157,960,957,344,349,292,5,716,766,990,739,984,962,977,92
45,187,589,968,655,665,854,3,142,537,359,136,102,613,262,116,362,123,156,777,166,100,320,762,284
557,234,166,173,318,206,813,990,408,833,360,674,49,328,624,761,615,504,923,826,554,792,687,181,270
410,715,431,249,322,323,339,587,267,701,456,496,141,829,877,33,813,226,872,929,113,791,45,712,990
774,757,37,149,964,92,216,756,343,938,961,397,480,803,1,474,16,523,54,730,683,151,383,520,139
739,210,329,95,43,27,94,289,349,527,378,222,980,745,804,460,941,502,507,821,263,524,584,837,369
610,1,182,764,18,48,630,24,762,198,344,682,931,503,358,173,106,69,909,217,154,323,621,285,583
273,759,277,326,96,772,466,318,291,257,693,431,323,584,75,315,13,380,968,741,501,97,613,177,217
729,2,458,288,785,213,398,686,770,110,322,974,38,798,197,127,461,737,557,469,465,955,226,397,469
