983,363,384,233,562,601,705,650,499,975,209,711,404,670,331,54,583,640,302,715,490,874,369,298,446
356,500,767,919,292,739,773,4,457,544,456,150,807,182,294,413,713,77,227,807,22,329,673,38,575
389,105,750,512,942,543,604,622,637,684,54,685,469,608,192,523,999,777,959,471,800,631,843,786,999
476,456,451,879,509,228,971,894,206,697,510,373,790,941,737,66,117,850,300,595,413,485,17,310,950
628,604,760,399,126,312,635,455,73,511,112,120,237,945,846,992,407,24,310,158,261,154,842,541,699
17,172,89,598,937,46,545,411,366,823,70,65,874,737,275,925,633,517,978,650,790,558,578,722,136
668,342,666,875,872,364,312,381,23,946,710,350,659,93,212,173,858,345,306,319,412,175,782,66,216
598,431,323,331,604,223,223,745,532,903,222,511,363,69,450,330,769,173,519,428,770,354,649,747,783
358,468,554,776,3,218,312,347,414,368,774,745,548,330,400,785,673,20,257,673,457,903,596,585,236
997,650,615,892,127,592,316,696,546,719,148,38,668,851,963,209,880,492,714,413,750,950,856,811,607
619,514,677,883,980,854,975,24,785,619,882,280,801,813,67,365,928,530,483,993,525,170,733,898,110
393,10,844,818,628,613,959,400,972,209,78,621,345,185,278,723,186,176,885,975,676,349,704,944,225
44,160,496,743,484,57,133,419,487,913,730,966,877,418,578,882,793,697,7,17,184,424,759,248,146
991,486,375,592,350,834,190,298,281,395,779,255,615,518,48,773,289,200,753,928,375,202,706,85,427
820,292,100,627,228,363,479,453,110,849,986,562,983,957,169,989,442,42,111,627,116,273,369,986,654
686,753,955,1000,360,563,199,877,363,614,532,869,228,583,789,847,800,554,209,807,137,649,691,858,657
147,170,477,305,713,545,722,234,875,997,910,314,334,697,212,889,996,377,925,425,448,546,939,209,310
434,775,138,773,32,722,702,307,296,878,225,766,213,543,924,972,98,125,780,836,476,485,477,670,6
882,242,413,26,705,853,545,395,651,926,675,56,829,29,922,536,808,822,382,675,325,127,918,409,706
859,641,729,837,597,64,92,510,259,772,858,225,790,428,715,912,976,507,313,790,27,327,752,48,534
622,984,879,570,926,456,436,846,199,120,666,488,719,388,609,297,563,258,694,910,519,850,423,28,769
152,53,683,810,396,876,953,546,955,800,185,347,3,290,651,29,406,980,682,513,671,299,272,445,874
36,486,538,808,430,911,344,288,348,771,402,277,542,234,444,160,868,174,278,325,843,133,628,241,711
486,551,122,957,503,911,834,564,245,947,16,547,461,867,143,105,650,585,599,577,474,234,235,3,412
246,351,842,205,747,859,186,492,113,415,183,578,671,429,96,552,337,552,804,729,998,858,867,753,448
