548,893,567,161,688,150,941,877,146,743,823,70,722,354,401,845,480,645,656,457,410,388,77,748,531
421,277,379,936,613,63,64,316,286,503,448,821,200,820,688,139,91,415,743,929,75,272,575,534,68
181,400,516,66,281,794,999,769,674,666,593,572,417,742,687,155,782,302,837,997,244,538,359,209,930
109,670,817,6,304,401,575,314,217,49,587,122,676,884,575,867,154,519,606,481,319,963,624,800,449
62,734,79,504,151,43,473,865,550,445,645,752,607,114,264,332,316,470,573,121,292,200,88,663,235
545,643,996,641,627,662,768,676,815,477,489,303,410,870,631,601,674,577,745,279,321,462,929,172,941
382,432,731,716,367,222,863,428,536,821,431,626,797,268,893,430,12,512,365,517,552,431,584,212,620
999,968,305,644,557,84,144,312,659,604,675,85,216,156,231,830,751,305,273,105,985,23,513,716,790
249,257,897,61,227,98,577,83,843,318,908,915,819,441,402,494,666,803,384,342,828,594,646,951,976
733,702,348,84,928,452,271,634,254,473,597,940,632,258,242,823,917,657,519,545,420,257,530,75,249
24,773,99,384,401,298,988,968,161,112,216,803,534,940,329,917,279,630,123,280,255,640,160,164,967
289,39,612,530,593,941,234,950,646,991,997,756,742,391,620,818,286,487,768,202,499,706,402,292,517
789,881,686,948,202,244,602,973,722,552,622,906,375,729,224,270,681,436,258,507,735,259,901,401,60
564,318,321,503,250,318,669,651,809,667,280,116,180,998,636,422,222,813,131,112,314,56,156,751,227
932,832,532,186,253,229,184,826,508,610,267,262,450,444,519,926,553,937,158,419,698,541,698,796,146
926,21,368,884,396,299,950,542,280,971,986,763,82,936,916,342,511,994,690,807,454,535,91,461,135
760,79,724,394,156,245,354,622,978,389,208,831,509,997,978,813,422,3,905,73,463,246,595,14,194
811,380,847,20,107,778,83,138,707,452,598,393,843,886,446,105,277,796,296,195,258,273,402,767,223
402,892,883,530,93,606,371,79,550,664,190,912,105,197,768,103,622,397,706,288,272,886,310,648,480
70,255,889,665,248,446,169,707,64,870,895,370,919,861,260,517,115,711,801,576,325,662,752,465,834
75,333,144,679,862,344,501,262,604,199,419,158,281,287,316,764,978,748,897,961,791,285,843,652,575
56,96,438,644,788,999,165,945,4,170,884,466,621,77,777,190,363,635,214,849,531,982,381,810,265
961,773,507,483,432,32,841,626,757,738,124,949,318,725,412,679,51,254,728,329,355,739,290,566,959
794,229,47,58,847,663,677,421,3,292,188,133,513,468,214,962,924,898,28,800,720,628,729,971,338
517,334,473,126,714,454,836,896,596,978,889,156,492,936,30,668,475,70,114,343,963,506,527,569,468
