14,63,326,863,599,565,609,919,519,487,730,655,869,456,527,601,594,592,529,518,852,963,485,957,335
160,948,334,978,657,731,119,24,604,883,566,8,17,567,13,651,420,260,271,309,474,697,635,144,222
752,306,965,393,201,802,235,950,508,453,44,957,245,101,96,301,561,364,348,976,127,969,604,930,203
471,285,868,676,972,543,881,689,819,551,30,361,993,682,730,877,699,164,699,90,340,129,941,860,870
851,889,841,34,863,2,175,537,114,104,564,555,948,359,195,398,848,451,762,219,708,462,69,311,517
880,450,121,273,175,297,267,507,429,96,812,494,720,778,887,76,698,173,297,774,194,25,351,545,2
775,951,766,7,489,520,111,130,171,76,348,574,893,822,142,667,301,331,406,911,352,271,445,554,308
688,176,635,644,160,641,249,26,788,951,542,44,698,116,860,181,774,468,152,528,180,107,937,292,598
950,377,200,463,761,896,812,445,271,491,324,288,451,862,295,314,333,50,12,614,328,895,92,617,969
824,782,51,827,233,723,273,502,677,717,925,704,673,161,575,906,118,123,326,576,822,103,690,960,11
526,376,763,499,255,299,473,397,771,356,593,463,322,537,874,35,281,503,265,776,462,147,132,866,274
122,886,964,64,243,857,892,775,56,217,393,241,108,267,602,427,53,659,214,75,193,384,23,98,768
618,899,521,426,773,438,297,859,526,404,867,26,662,621,371,795,937,67,617,23,792,501,515,138,622
893,279,897,569,575,101,773,915,28,291,685,961,630,309,420,601,316,758,127,333,210,974,729,867,151
771,436,887,18,917,192,710,166,517,646,182,709,522,465,903,3,429,369,418,672,235,821,134,466,148
793,469,858,383,341,17,265,226,710,744,950,784,71,797,943,759,591,97,760,387,618,470,736,292,870
433,979,253,288,677,354,444,980,8,84,304,82,945,833,565,998,7,510,52,33,670,899,323,173,928
521,110,206,977,582,210,777,146,736,129,322,499,99,385,976,981,648,244,929,157,653,194,624,379,10
953,248,552,553,200,405,86,802,174,201,603,428,534,543,920,624,322,107,875,786,601,456,870,441,372
661,924,46,163,293,517,209,337,894,758,977,454,940,973,76,732,59,863,46,282,624,120,321,872,163
336,771,654,275,700,202,148,573,381,543,703,804,954,629,411,349,732,342,45,192,105,877,670,491,648
645,595,851,363,860,984,570,799,941,257,451,793,849,711,620,746,52,41,12,176,956,609,494,527,665
929,581,374,678,459,976,798,416,773,716,648,986,142,49,749,169,491,569,789,577,317,998,483,168,254
336,229,871,72,328,153,12,412,145,156,952,833,903,842,404,882,616,466,887,471,968,458,521,794,685
479,36,73,230,130,409,931,860,697,609,132,743,606,825,885,145,396,876,708,184,309,557,997,985,99
