430,41,445,449,603,510,314,430,604,971,623,924,404,372,117,742,405,724,465,184,553,437,963,67,505
254,244,397,838,782,271,192,237,87,576,675,343,702,97,416,244,783,611,192,684,223,491,817,439,58
794,606,115,959,271,386,720,460,417,955,501,689,959,419,933,853,76,808,589,179,798,797,980,10,607
741,851,136,436,774,489,172,676,495,187,766,111,102,590,574,968,450,284,780,340,499,312,537,847,64
387,415,253,992,21,27,987,28,474,649,615,670,997,775,548,623,286,953,539,851,161,911,698,378,663
282,566,225,906,416,776,153,588,533,465,156,187,689,10,958,667,33,466,132,660,566,817,107,695,420
754,218,888,892,72,23,655,847,786,908,619,800,267,97,814,438,354,332,390,278,555,414,243,41,697
699,234,75,467,531,433,953,134,851,820,167,13,862,57,168,196,825,968,22,104,613,447,250,78,234
507,65,303,239,352,765,494,487,478,645,928,882,750,906,550,763,831,150,214,741,354,716,601,60,808
526,395,750,984,937,58,898,291,911,945,989,506,17,616,706,365,962,156,749,51,847,416,455,86,287
920,916,717,60,520,732,7,21,852,831,176,31,733,735,620,823,588,505,531,354,498,701,756,763,873
762,793,863,589,553,57,767,534,267,18,649,526,687,554,445,826,461,712,646,788,547,345,664,169,681
418,978,992,648,667,48,761,659,946,562,801,422,192,75,517,286,40,1,770,19,45,959,925,139,154
298,105,884,477,513,619,4,971,319,983,363,647,438,358,919,614,34,901,955,989,513,932,641,837,774
560,804,615,24,209,627,174,253,376,289,708,866,986,164,382,293,608,492,427,49,162,344,404,696,373
773,704,177,22,571,4,23,252,491,350,635,776,636,758,694,692,488,210,981,692,296,745,482,702,61
637,355,734,35,776,61,339,445,279,329,22,774,493,440,695,28,173,445,16,741,236,910,988,16,329
306,731,258,722,698,383,986,855,595,110,970,533,49,137,229,145,325,991,683,245,228,724,467,366,32
943,154,592,267,572,841,74,738,171,510,90,226,629,982,412,438,951,960,898,226,530,271,650,519,517
350,551,139,120,114,680,295,348,631,7,804,154,476,668,978,75,99,208,155,822,752,888,304,25,263
42,718,776,159,108,967,613,78,497,353,690,183,78,364,481,679,589,512,786,683,339,706,250,678,472
206,314,680,723,125,270,151,702,992,996,248,97,864,960,790,99,523,331,27,436,874,750,100,308,570
124,395,184,705,870,202,284,178,927,965,792,94,862,546,351,986,791,616,248,977,776,637,851,407,406
852,166,36,364,697,935,266,762,516,794,201,244,441,998,719,738,898,753,639,876,44,892,668,713,348
412,751,927,543,593,948,567,454,481,445,641,223,636,846,384,325,421,138,654,928,53,680,770,421,165
