706,368,387,365,394,858,998,192,919,444,116,535,448,221,270,334,816,891,711,353,80,75,946,176,121
252,454,348,514,14,999,674,762,599,341,280,769,444,428,964,327,746,417,922,444,32,296,599,658,475
266,180,450,222,57,576,190,713,482,347,53,415,938,690,470,271,198,722,264,873,801,748,191,789,892
3,435,465,772,306,524,660,171,272,279,33,672,716,717,481,964,328,525,996,281,712,553,191,60,463
380,312,869,225,207,856,966,660,863,143,825,996,257,705,607,562,937,6,195,325,59,36,308,820,382
804,967,387,657,147,248,480,201,745,483,425,16,244,654,195,548,78,243,705,816,165,819,313,943,396
990,985,386,5,621,974,499,562,559,107,177,40,570,114,163,931,218,472,177,814,453,247,419,106,17
344,30,217,757,307,916,625,864,514,333,940,159,262,450,241,564,853,47,299,810,423,559,907,523,5
28,741,626,264,680,591,81,817,948,705,965,473,870,781,92,126,525,385,807,416,26,657,325,394,752
973,673,820,996,783,939,892,111,963,893,312,503,371,266,341,653,927,291,181,557,238,652,786,434,637
513,801,790,46,468,296,854,135,6,501,768,829,166,790,2,402,934,292,939,132,616,234,95,324,556
300,432,597,196,6,508,151,229,896,794,295,558,105,431,99,531,232,113,617,615,755,878,787,200,374
392,552,461,61,438,742,831,670,111,232,335,632,418,632,513,541,748,575,481,848,207,313,812,468,675
544,167,53,137,14,290,811,910,610,408,253,944,206,492,947,256,237,249,922,969,142,533,165,441,930
582,758,301,637,731,475,604,712,300,833,661,15,774,443,908,552,405,927,407,724,725,537,283,468,171
654,404,348,889,820,638,367,402,186,59,10,921,757,367,576,919,388,581,657,841,941,654,443,425,228
578,438,982,840,853,273,943,628,220,59,778,694,42,541,489,318,473,436,870,381,694,200,724,211,17
563,879,902,252,572,516,646,474,556,5,693,299,316,540,837,600,627,195,596,158,535,899,235,252,521
667,961,667,495,816,627,585,158,215,365,509,933,9,339,402,834,304,707,842,31,94,430,147,88,837
989,104,47,20,395,471,383,458,22,333,550,243,983,986,143,9,605,824,269,264,471,71,236,61,116
811,868,707,949,949,428,398,226,81,241,269,382,360,317,190,244,87,244,826,566,418,450,6,863,690
828,267,617,206,131,40,800,78,611,521,293,592,208,296,694,378,57,541,437,427,462,608,641,129,321
342,833,990,63,76,729,261,369,896,229,766,795,563,66,766,285,239,623,676,778,695,956,536,849,939
339,40,28,449,809,946,729,712,451,313,227,868,709,220,448,990,357,333,10,52,245,844,922,968,431
77,945,990,607,868,55,541,807,146,768,447,679,13,574,277,310,840,967,727,287,469,589,262,961,367
