369,225,325,646,463,535,504,328,63,264,19,167,125,609,694,758,319,237,793,785,278,132,895,317,892
893,729,644,278,108,253,119,648,602,962,176,584,678,713,778,237,2,489,646,160,328,53,418,641,493
291,511,579,115,463,414,394,169,613,722,283,424,885,66,857,522,753,458,331,840,384,946,612,806,26
6,365,103,586,133,178,110,614,317,564,7,179,34,786,83,27,290,285,220,34,173,115,547,325,758
721,923,979,938,36,34,674,735,557,436,485,849,51,674,101,783,789,175,265,159,288,859,125,943,601
577,361,337,31,320,27,868,402,911,884,466,47,384,353,556,512,771,645,375,22,845,607,15,635,495
497,101,337,88,284,67,335,17,326,536,377,960,820,718,22,265,522,472,627,609,661,282,37,808,772
629,566,720,202,113,817,202,147,180,590,479,113,897,927,169,573,267,256,517,195,619,439,977,234,212
596,702,12,476,806,514,19,532,710,123,589,343,444,120,881,33,511,74,216,796,343,195,210,311,47
824,982,254,477,589,465,90,420,696,885,742,197,898,816,805,63,275,274,142,257,953,740,284,470,570
434,357,678,72,292,783,163,444,658,42,234,447,128,387,557,301,729,88,850,76,139,582,370,661,267
665,458,950,761,677,760,541,631,689,512,208,538,13,233,865,472,86,689,413,258,213,254,583,781,691
501,261,452,959,986,666,980,654,895,361,747,866,892,69,299,901,510,511,713,26,714,924,589,456,137
319,818,917,171,391,150,339,937,17,239,847,738,828,165,934,183,770,743,28,656,2,175,477,396,230
141,980,462,552,541,665,375,839,302,665,160,679,275,670,801,416,298,532,951,173,902,418,925,6,720
448,172,45,722,300,812,609,802,186,984,587,335,57,51,337,692,755,288,545,659,455,308,764,438,475
365,53,608,803,541,130,222,235,222,824,269,179,779,117,919,149,652,255,787,303,589,235,337,399,915
619,496,615,694,146,245,999,150,61,184,179,830,657,39,602,498,51,170,724,3,227,234,540,225,364
645,358,32,909,57,368,509,915,201,458,5,166,170,78,403,630,18,97,939,963,547,440,897,939,472
214,272,983,661,797,267,976,496,165,740,280,518,454,441,440,766,817,139,324,588,959,680,340,85,117
942,412,43,918,244,560,629,822,829,974,377,27,343,705,531,13,980,284,1000,816,827,656,449,116,395
153,65,202,84,54,296,629,729,603,243,838,578,153,920,372,641,953,917,113,433,925,374,929,307,380
828,630,144,680,814,600,921,509,277,414,136,837,818,628,242,198,404,266,596,481,878,657,656,230,588
107,229,100,423,2,224,442,511,136,807,241,572,726,313,165,52,831,570,713,52,726,495,981,579,280
160,662,34,402,573,72,488,126,933,782,752,537,758,508,843,912,544,517,402,782,58,545,835,827,887
