832,682,493,999,616,170,441,970,662,245,49,695,763,706,396,689,634,810,960,791,496,802,30,347,597
248,583,115,555,503,424,448,630,635,219,587,488,849,241,575,445,442,476,920,493,45,342,597,794,512
389,149,303,108,183,75,489,462,204,887,968,383,957,877,602,727,331,726,646,194,211,461,590,757,886
977,229,858,973,260,192,489,202,868,738,692,944,922,803,112,737,457,419,56,589,415,277,158,339,383
362,516,257,417,421,923,67,392,777,973,976,335,585,967,292,209,782,954,417,630,231,481,237,243,87
617,55,534,811,152,549,65,895,146,999,231,305,80,635,366,614,747,756,273,832,573,478,554,569,884
615,293,55,63,219,897,268,888,357,73,895,137,406,7,27,550,733,480,912,547,702,798,834,39,598
815,93,475,762,753,594,270,33,720,560,699,215,403,904,541,175,478,82,76,376,407,817,834,403,46
854,201,566,272,357,737,76,297,271,627,200,438,390,673,756,284,860,282,152,392,363,10,835,244,492
456,660,951,270,822,854,38,571,428,396,484,870,414,151,700,988,537,811,851,876,808,239,840,689,327
540,564,677,64,847,710,124,936,71,624,506,148,431,51,418,288,581,888,308,475,486,780,723,925,476
241,783,6,896,437,185,105,35,635,935,890,112,817,922,196,726,183,455,282,997,277,662,516,792,78
379,151,150,586,424,809,465,633,856,629,280,641,536,505,860,745,599,18,66,840,725,154,329,498,725
590,966,828,633,350,157,596,933,195,596,678,850,333,444,816,66,157,340,451,525,455,145,713,408,588
570,450,191,990,30,491,526,833,71,317,725,835,18,201,213,340,597,604,819,107,999,975,523,141,923
899,52,758,167,692,684,543,595,93,816,686,66,899,731,642,99,577,858,835,181,793,33,23,301,776
387,812,374,500,148,149,156,177,261,657,425,86,713,795,970,132,401,252,401,267,430,898,391,792,383
591,743,953,374,321,910,233,589,803,791,534,919,510,593,687,344,623,993,702,229,843,373,504,972,770
289,394,97,194,406,567,390,887,193,585,88,698,196,409,206,198,66,568,606,174,962,958,473,769,412
234,649,794,66,335,151,240,66,926,32,926,549,554,417,139,704,114,191,247,127,777,589,520,326,169
922,942,471,671,990,285,90,432,498,61,235,865,449,527,885,229,481,534,367,264,269,372,455,51,980
210,235,672,140,381,742,318,186,165,339,713,109,178,920,854,33,552,285,44,607,310,408,528,234,723
301,208,639,459,91,27,864,47,560,445,792,44,167,793,593,194,60,660,698,431,172,292,717,692,802
299,521,720,298,779,227,744,292,962,130,99,133,936,181,151,128,749,905,617,393,708,693,468,826,127
596,4,343,437,564,33,272,75,122,186,262,910,907,591,815,609,21,893,925,746,400,975,924,409,671
