918,695,251,380,782,863,232,764,580,904,823,612,294,285,753,297,658,519,270,743,114,325,68,440,337
962,354,277,752,139,213,947,541,82,678,161,108,511,864,342,190,613,700,671,392,45,196,884,302,148
679,18,739,688,848,574,813,274,917,891,399,373,508,564,890,876,18,523,97,795,136,116,675,459,410
385,856,352,140,883,15,536,383,709,64,799,417,176,488,6,445,961,583,105,306,55,393,990,252,565
551,589,40,613,228,94,226,853,996,237,531,936,716,366,717,236,156,926,558,735,249,660,569,703,426
607,836,969,466,721,840,312,640,344,500,431,768,158,601,182,874,433,865,455,873,464,938,892,906,224
525,892,364,225,514,962,321,870,10,372,958,439,22,58,867,734,9,153,125,33,309,913,189,391,115
534,108,414,61,198,150,65,680,358,36,688,602,305,960,562,571,582,35,183,8,400,802,797,577,153
786,558,536,240,974,788,832,953,163,306,794,797,391,636,674,262,738,39,787,766,650,531,163,420,1
70,712,175,200,701,841,90,90,615,105,476,542,439,774,233,941,996,975,482,353,340,131,733,985,250
766,323,394,412,607,317,549,668,651,855,73,168,534,317,876,443,448,73,214,134,965,61,284,897,947
207,615,437,126,680,10,356,255,657,375,344,719,814,99,537,418,372,83,544,500,761,321,277,362,483
787,375,635,794,818,803,650,381,666,285,850,452,342,713,817,539,412,724,108,305,341,408,694,846,305
689,6,100,434,608,132,271,281,705,780,303,438,766,151,48,721,683,654,564,411,721,442,807,322,891
195,522,805,795,296,302,69,151,407,46,440,978,296,80,43,496,348,692,369,903,120,174,675,570,112
806,191,749,569,441,322,237,655,242,56,667,913,843,368,728,763,94,527,512,910,122,586,834,528,63
80,247,793,175,37,668,187,534,132,785,298,477,397,615,541,936,540,768,881,489,636,556,509,584,118
650,358,495,586,206,757,393,311,296,455,114,110,70,863,301,379,36,937,898,861,664,971,149,201,413
638,779,329,394,807,518,512,394,406,29,167,339,571,520,319,867,728,637,657,1000,400,24,171,343,49
233,355,938,48,137,259,588,72,160,76,945,996,425,113,271,477,550,177,868,969,327,798,167,220,457
9,831,699,87,122,133,795,238,642,984,305,357,545,28,183,284,468,521,916,54,920,673,109,495,732
514,589,683,896,247,915,922,138,18,641,756,406,535,41,197,267,917,805,274,519,319,31,443,527,286
162,148,840,978,143,481,728,714,908,637,618,595,547,107,733,373,738,909,233,618,857,240,332,177,697
352,89,89,998,937,315,984,701,386,628,281,57,891,446,678,561,163,182,938,342,541,409,853,147,786
834,675,468,474,742,959,773,263,933,502,413,689,825,361,971,127,615,854,206,368,631,585,80,394,312
