882,261,195,816,819,351,113,39,314,903,138,702,477,393,80,616,512,835,375,558,667,184,207,442,469
884,618,109,164,537,746,396,286,446,672,198,208,65,301,130,951,258,359,708,449,109,906,908,153,742
603,923,669,540,877,903,253,863,100,182,452,8,281,568,539,850,474,969,310,839,934,137,633,256,898
192,551,166,610,870,427,168,413,413,28,290,836,960,179,854,178,614,785,391,412,259,515,933,831,156
237,565,229,199,832,751,833,927,636,846,216,118,711,36,159,10,609,840,591,372,889,355,271,483,51
629,386,556,451,594,969,706,263,502,351,444,121,727,898,216,777,233,451,432,515,833,692,860,962,8
54,409,890,879,360,736,868,845,735,579,781,915,405,26,352,613,856,811,211,719,399,890,687,672,833
986,687,482,486,796,694,501,690,698,410,826,92,929,974,60,94,370,436,55,146,902,850,587,484,189
478,294,94,657,219,656,857,106,278,401,736,375,731,64,377,959,92,193,737,398,790,169,512,834,14
136,943,239,609,865,398,377,588,304,665,75,334,854,55,740,288,504,152,560,147,620,932,562,569,828
909,345,480,539,787,584,971,334,67,889,392,826,389,30,940,783,830,570,207,925,254,309,148,303,98
127,912,578,780,10,347,616,68,5,482,515,762,916,118,751,658,22,667,239,498,632,617,798,983,733
519,182,267,755,754,130,169,335,1000,33,531,360,339,487,9,10,93,114,874,996,333,186,722,424,38
261,664,380,679,448,678,441,104,712,273,507,148,81,730,287,591,521,906,820,569,712,641,904,22,335
214,552,360,108,265,341,403,833,70,879,425,913,273,421,231,615,765,966,649,670,675,344,285,535,584
283,443,536,123,42,882,928,322,55,669,348,421,634,346,844,453,735,709,859,368,776,185,330,338,164
255,316,457,6,263,132,865,153,321,632,752,303,443,562,248,625,205,523,812,413,974,467,2,260,210
931,238,142,984,168,637,783,7,200,535,695,928,250,869,406,236,615,288,819,249,888,365,747,884,130
75,417,244,292,921,23,41,556,71,692,415,701,165,891,709,290,959,660,27,248,494,31,186,858,74
526,805,608,338,693,986,290,636,46,294,412,329,737,816,729,132,860,465,649,243,418,990,399,835,422
265,22,190,502,673,61,976,727,281,830,277,714,40,670,81,467,284,728,390,531,106,233,553,19,526
18,578,706,134,468,861,981,460,719,731,267,809,953,283,353,801,947,544,891,204,758,192,234,388,77
746,286,555,528,571,280,882,534,222,63,955,271,708,199,920,151,174,955,102,575,742,434,967,968,508
917,622,847,936,190,837,951,335,644,354,942,89,919,511,840,23,159,326,904,88,998,399,276,733,566
581,877,563,775,735,369,282,718,619,867,187,318,915,734,731,700,622,753,916,262,973,68,840,689,322
