607,987,558,672,757,309,246,807,159,673,125,350,238,875,112,333,10,572,1,898,402,917,365,359,537
23,166,190,813,243,869,196,111,786,59,830,518,464,74,49,881,464,248,675,578,737,624,806,257,769
97,144,453,528,736,451,904,245,346,631,142,150,793,595,27,908,474,227,574,126,780,702,806,409,378
615,297,167,678,49,852,227,990,850,634,961,739,337,873,416,855,64,725,208,530,410,313,866,746,119
337,175,50,97,827,814,924,326,370,167,657,621,748,854,387,922,659,447,210,751,764,715,916,98,980
217,336,400,724,27,155,271,157,529,938,654,91,119,150,895,918,628,486,869,61,874,57,504,580,480
774,616,950,661,20,343,489,992,246,222,885,369,154,840,647,334,410,205,840,404,81,684,826,267,741
267,545,99,221,862,613,768,123,671,208,867,994,739,170,495,166,94,355,745,890,878,988,532,980,276
909,671,488,398,996,492,977,872,622,966,848,260,344,628,753,275,736,549,904,447,398,834,14,748,769
284,51,148,728,86,366,717,813,624,503,5,275,601,96,214,435,78,714,963,663,46,876,457,78,662
532,921,221,736,676,543,505,690,933,135,794,237,94,617,718,465,791,777,249,278,336,138,224,955,357
666,172,465,608,573,431,292,316,722,27,733,67,852,599,537,609,225,563,817,124,398,153,16,445,483
231,42,475,819,190,773,854,982,461,477,752,987,355,130,446,826,564,640,22,157,767,187,393,581,364
681,423,578,646,620,132,58,174,391,549,132,769,412,735,508,100,153,483,957,853,649,937,278,607,239
179,131,584,453,582,410,893,763,71,701,647,227,952,928,405,962,695,744,511,22,123,71,276,279,844
765,574,572,1000,608,77,460,229,411,999,412,480,82,505,288,76,739,597,514,574,814,81,545,843,723
250,323,692,511,939,166,151,382,618,809,326,44,858,932,221,590,738,751,725,245,342,745,809,486,137
40,233,960,518,69,503,964,664,492,128,113,223,829,198,981,219,737,550,585,652,234,518,976,543,712
36,501,886,149,328,568,938,229,255,801,667,124,411,466,798,563,34,205,980,299,594,934,478,905,177
359,618,747,738,827,498,437,348,19,473,758,324,8,211,220,112,708,795,313,671,114,678,635,801,198
673,568,717,274,44,717,899,392,538,341,314,518,978,238,775,814,605,748,763,989,61,870,547,736,747
589,959,98,777,104,284,399,363,807,518,858,663,759,463,173,858,712,625,7,692,607,235,664,700,645
566,308,882,678,263,524,730,27,714,946,931,730,171,276,942,428,525,920,383,543,577,937,449,915,287
547,110,687,698,522,941,847,693,79,861,578,931,652,481,202,157,257,298,518,945,822,266,17,520,868
769,432,984,473,392,756,361,393,577,742,612,945,313,984,173,932,635,631,939,238,956,955,587,701,499
