404,828,11,490,859,124,168,102,723,264,474,955,264,556,308,749,202,488,141,164,581,462,372,396,271
946,262,514,566,191,290,838,749,165,42,664,575,490,245,346,920,560,965,779,582,26,905,693,562,359
240,868,501,659,943,405,629,255,571,954,160,68,118,415,751,163,211,171,597,882,504,894,899,676,231
877,634,252,225,988,11,181,800,115,139,89,588,733,539,583,711,628,500,155,425,686,664,125,120,519
15,758,81,644,499,94,373,878,494,937,145,544,460,34,760,276,513,221,245,453,570,518,457,592,701
814,258,397,836,17,772,990,438,842,782,914,730,281,747,38,657,113,229,354,729,244,924,953,653,29
318,246,24,122,726,955,287,513,406,817,747,924,508,602,899,725,663,970,63,315,372,13,1,331,976
508,869,884,853,440,758,464,734,366,671,574,22,639,972,565,190,745,333,732,39,810,475,821,625,502
566,381,421,432,887,411,71,313,271,139,294,228,401,841,152,672,818,383,474,853,545,513,689,363,649
12,995,816,297,867,322,146,517,538,478,821,13,19,172,343,754,592,254,984,946,972,538,121,681,526
61,145,313,256,846,1000,799,42,115,232,949,746,13,704,237,856,170,863,470,917,817,157,207,24,353
189,889,749,990,744,784,39,517,490,802,830,765,75,409,711,119,965,794,246,210,647,732,651,606,916
720,109,912,903,289,769,800,476,367,324,214,869,556,656,134,655,874,437,952,153,369,220,70,848,243
136,275,665,338,708,604,740,335,164,377,937,452,328,154,983,464,537,415,265,118,881,19,914,676,731
130,516,468,594,910,581,796,464,504,713,616,437,584,818,553,253,253,706,934,498,307,610,846,704,859
493,969,481,546,444,29,976,650,573,524,307,447,673,761,303,454,983,948,461,242,478,604,667,730,651
443,760,938,280,693,391,702,635,750,232,973,24,914,194,379,437,397,793,565,240,376,474,208,881,88
592,92,461,924,994,224,936,682,72,456,984,735,907,196,349,374,365,453,39,622,279,961,270,570,805
274,224,934,260,799,911,475,479,955,88,93,238,720,931,393,228,541,787,560,57,832,326,10,338,939
935,655,905,393,441,468,317,794,108,762,951,544,379,814,391,622,349,641,614,922,7,917,83,19,771
423,603,571,571,93,477,754,120,508,528,448,477,675,391,899,729,256,883,286,15,46,189,703,781,80
25,534,587,953,890,72,484,338,279,270,372,624,905,867,234,833,773,138,564,270,312,337,496,195,361
37,773,539,913,185,695,738,94,841,145,525,227,729,825,315,706,275,141,891,456,272,981,770,533,623
544,374,535,529,897,287,805,43,771,581,542,999,991,502,80,795,228,791,860,651,375,579,571,30,175
320,481,764,643,511,361,69,806,754,25,426,678,28,9,770,544,189,634,495,804,114,978,319,859,604
