979,744,521,466,630,279,561,925,764,49,923,296,343,474,687,227,980,694,889,733,510,960,888,950,394
659,14,491,211,500,40,651,181,63,228,212,678,211,626,194,562,702,520,164,126,370,108,475,657,994
541,546,814,477,195,655,138,143,961,320,321,58,909,14,29,917,382,145,673,859,326,672,302,406,960
968,161,15,765,891,968,951,64,620,885,741,826,848,992,207,166,479,602,170,481,275,544,874,729,201
353,540,229,876,794,158,270,236,911,826,180,492,784,497,868,6,70,970,493,335,119,949,396,985,434
614,74,252,44,915,543,653,999,155,316,849,732,877,514,113,861,954,37,876,130,770,424,515,350,103
822,760,73,50,846,258,837,33,300,276,907,187,849,369,715,207,115,934,145,104,593,237,552,897,134
343,548,822,863,867,109,826,21,754,517,97,943,103,766,653,452,427,724,936,199,855,636,904,876,887
930,823,731,639,239,518,163,845,561,486,913,855,938,144,930,830,624,901,553,969,93,786,301,156,131
3,909,657,56,688,197,522,956,242,529,543,31,981,102,176,804,28,963,493,786,6,159,703,833,355
441,970,28,29,617,624,68,175,447,780,202,900,411,573,795,937,335,55,719,951,541,610,767,231,867
606,801,393,575,608,647,638,440,599,586,717,812,720,443,557,501,375,972,496,112,219,480,8,121,451
53,486,369,463,355,471,804,892,532,834,793,353,933,467,218,97,992,385,751,463,732,844,58,519,866
218,264,26,185,988,56,608,375,738,488,460,22,936,764,846,651,515,138,884,181,635,659,663,881,404
536,956,803,477,246,374,494,278,491,857,878,902,821,739,975,631,390,868,583,235,400,866,489,214,656
206,177,724,948,864,44,879,661,929,543,938,152,199,98,827,532,427,875,285,846,121,276,735,169,300
196,721,422,566,926,319,269,35,967,220,338,170,554,279,514,180,775,137,639,306,137,634,536,252,373
990,928,535,134,952,809,942,566,523,927,264,636,75,781,473,575,994,774,159,855,117,174,927,788,723
503,189,391,863,115,721,528,730,779,480,829,520,484,602,622,635,909,795,156,865,884,818,372,983,374
464,172,213,906,303,707,148,902,74,697,846,70,871,533,637,338,986,397,137,487,370,887,838,972,561
495,817,183,212,242,677,171,79,408,967,483,643,470,608,13,30,819,9,782,435,46,839,130,117,169
964,831,792,466,223,263,509,884,594,571,349,46,636,765,660,958,857,291,653,581,690,339,245,60,225
307,668,579,426,374,121,931,952,174,19,136,161,889,987,698,964,541,28,481,586,590,755,714,362,549
499,503,124,187,400,797,399,866,973,844,963,106,467,469,62,612,142,321,184,265,652,465,445,192,656
570,335,515,944,209,357,375,694,391,778,473,620,680,877,501,126,19,79,158,638,594,338,859,189,942
