238,430,667,839,720,504,733,175,622,490,516,83,491,427,960,609,167,90,104,138,623,609,948,977,67
589,27,11,26,720,328,500,416,411,116,315,573,699,306,620,902,907,661,593,347,478,540,494,126,507
282,555,238,596,507,93,127,33,427,784,982,809,40,627,442,385,235,297,885,794,300,762,73,532,416
25,816,357,414,810,86,533,839,517,825,850,183,166,594,477,935,42,991,417,131,153,580,878,131,176
798,328,635,755,947,253,324,134,115,671,151,84,588,281,400,290,482,72,904,538,339,274,296,38,652
430,881,365,690,465,676,606,298,273,111,449,871,15,602,23,821,912,814,597,730,727,367,502,865,497
123,570,418,244,196,941,122,956,33,269,435,107,749,153,292,682,933,621,750,46,638,994,153,748,81
932,425,133,250,664,944,478,172,731,676,267,2,567,877,106,542,922,910,283,125,408,124,672,28,8
548,806,361,861,49,286,394,224,44,233,895,608,521,55,952,95,211,919,743,442,614,446,319,972,60
771,212,339,851,186,468,691,637,621,544,320,709,839,51,486,896,764,104,438,426,391,388,662,32,626
720,744,427,816,917,644,854,497,965,951,327,45,305,727,631,457,963,867,905,569,866,280,167,190,988
950,887,114,424,241,659,739,791,130,952,712,963,407,296,1,915,955,809,550,957,60,212,512,583,556
720,871,837,167,411,274,455,742,458,146,517,859,666,209,724,253,552,752,2,777,642,773,905,343,457
628,491,816,445,961,14,315,246,956,175,347,104,922,75,344,463,706,419,918,450,180,764,974,671,344
628,386,393,659,770,619,940,931,701,539,421,562,365,97,592,834,434,272,93,669,340,757,171,284,449
67,884,252,153,147,400,704,781,450,523,105,969,781,164,836,895,325,702,779,581,239,883,136,581,972
145,747,262,585,709,324,983,653,867,96,364,362,37,552,18,278,548,908,519,255,891,985,547,36,579
282,429,868,299,366,433,647,986,492,51,440,480,196,262,266,449,396,534,165,933,440,377,608,737,940
300,112,36,834,96,359,136,318,819,739,74,778,72,856,325,420,679,737,395,485,873,446,221,159,786
255,420,852,677,119,316,278,416,804,661,542,195,960,282,797,875,142,650,744,735,264,184,647,308,869
674,193,977,298,836,338,775,833,788,71,105,706,269,386,740,618,907,662,587,160,416,813,74,802,495
988,798,380,76,119,308,345,194,234,534,272,757,380,266,910,216,732,955,718,880,167,439,285,510,73
835,266,632,680,356,39,650,735,83,67,331,542,758,776,439,204,311,190,942,554,270,574,874,578,128
70,573,102,510,499,513,305,646,20,174,301,840,275,610,673,613,63,35,232,460,363,123,241,635,625
532,778,85,663,814,493,633,826,803,806,483,334,66,25,329,587,255,857,8,815,719,290,405,943,407
